1000
2000
3000
4000
5000
6000
7000
8000
9000
10000
15000
20000
25000
30000
35000400004500050000550006000065000700007500080000850009000095000100000105000110000115000120000125000130000135000140000145000150000155000160000165000170000175000180000185000190000195000200000210000220000230000240000250000260000270000280000290000300000310000320000330000340000350000360000370000380000390000400000410000420000430000440000450000460000470000480000490000500000
510000520000530000540000550000560000570000580000590000600000610000620000630000640000650000660000